PID->Straight
Kp:1.500000
Ki:0.000000
Kd:0.190000
set_point:345.000000

PID->Rotation
Kp:1.500000
Ki:0.000000
Kd:0.190000
set_point:320.000000
